Name,Free,Paid,Total,Paid(Rs.)
Project A Smart Approach Towards Lifestyle in NepalLocus 2020,48,10,58,50
Project Solar WiperLocus 2020,3,0,3,0
Project CNC Drawing MachineLocus 2020,18,5,23,25
Project Smart Fire DetectorLocus 2020,18,0,18,0
Project Tesla CoilLocus 2020,10,0,10,0
Earthquake Instance InformationLocus 2020,2,0,2,0
Project Accident Alert SystemLocus 2020,23,5,28,25
Project FemicodersLocus 2020,21,0,21,0
Sajina SubbaModel Superstar,106,5,111,25
Project HexapodLocus 2020,13,0,13,0
Project Library AppLocus 2020,27,5,32,25
Project LCR MeterLocus 2020,5,0,5,0
Project Home AutomationLocus 2020,17,0,17,0
Project Alexa PiLocus 2020,99,25,124,125
Project TeeForgesLocus 2020,14,0,14,0
Project Fire RoboLocus 2020,16,110,126,550
Project 3 in 1 Cartesian 3D PrinterLocus 2020,81,3120,3201,15600
Padam Bahadur RanamagarModel Superstar,19,0,19,0
Sabita MaharjanModel Superstar,1363,710,2073,3550
Project EMG Contolled Prosthetic ArmLocus 2020,13,5,18,25
Rachana KarkiModel Superstar,39,0,39,0
Project Green CityLocus 2020,37,10,47,50
Smriti ShahModel Superstar,72,0,72,0
Project Hand Gesture Control CarLocus 2020,6,0,6,0
Ichhya AdhikariModel Superstar,17,0,17,0
Project Online Entrance System ( IOE Entrance)Locus 2020,16,0,16,0
Project Target ShooterLocus 2020,6,5,11,25
Project ImmuneLocus 2020,99,95,194,475
Srijana BasnetModel Superstar,195,5,200,25
Project Solar Powered Water Surface Garbage Collecting BoatLocus 2020,8,5,13,25
Ashish ShakyaModel Superstar,711,3100,3811,15500
Rabin GhisingModel Superstar,177,1000,1177,5000
Nikita ShakyaModel Superstar,13,0,13,0
Project IOT Based Smart Agriculture SystemLocus 2020,15,0,15,0
Project Chicken Farm Monitoring SystemLocus 2020,0,5,5,25
Project P.I.M.P.Locus 2020,19,10,29,50
Project IRB -Robo ArmLocus 2020,24,0,24,0
Project EN SATLocus 2020,18,5,23,25
Project Robotic Arm for 3D AnalysisLocus 2020,0,5,5,25
Project Street Light AutomationLocus 2020,6,0,6,0
Project Bhakari Shopping NepalLocus 2020,34,3500,3534,17500
Project Automatic Rechargaeble StoveLocus 2020,12,0,12,0
Project 2D CNC PlotterLocus 2020,6,0,6,0
Project MargadarshanLocus 2020,4,0,4,0
Project Health and Environment CheckerLocus 2020,70,5,75,25
Project GhadiLocus 2020,7,5,12,25
Project CNC RouterLocus 2020,23,5,28,25
Project Residential Drainage Water Purification SystemLocus 2020,15,5,20,25
Project Project -NLocus 2020,7,100,107,500
Sajana PantaModel Superstar,103,810,913,4050
Project MedicoLocus 2020,2,0,2,0
Narman MallaModel Superstar,334,545,879,2725
Project Automatic Irrigation SystemLocus 2020,6,5,11,25
Project TrivramLocus 2020,3,0,3,0
Project Cable Fault Distance FinderLocus 2020,4,0,4,0
Project Structural DoteLocus 2020,4,0,4,0
Aakriti SubediModel Superstar,232,105,337,525
Project Under Ground Fault DetectorLocus 2020,7,0,7,0
Project KissanLocus 2020,5,5,10,25
Bishal shakyaMusic Eve 2020,29,0,29,0
Project Food DetectionLocus 2020,1,0,1,0
Project Arduino Based Natural Gas DetectorLocus 2020,1,0,1,0
Sinam AdhikariMusic Eve 2020,6,0,6,0
Project ATM AlertLocus 2020,3,0,3,0
Roshan SunamModel Superstar,9,0,9,0
Project DeforestationLocus 2020,1,0,1,0
Project मनसा- The Nepali Programming LanguageLocus 2020,2,0,2,0
Project Wireless Digital OscilloscopeLocus 2020,1,0,1,0
abinash acharyaMusic Eve 2020,15,15,30,75
Chemical LatchMusic Eve 2020,43,150,193,750
Project Classroom Attendance using facial recognitionLocus 2020,5,0,5,0
Project Plant -eLocus 2020,4,0,4,0
Nishan PaudelMusic Eve 2020,3,0,3,0
Project Atomatable Robotic ArmLocus 2020,1,0,1,0
Abishek AryalMusic Eve 2020,32,160,192,800
Saurav Sinjali MagarMusic Eve 2020,4,0,4,0
Prashant ShahModel Superstar,230,0,230,0
Project Crowd AnalyzerLocus 2020,1,0,1,0
Project Self Balancing PlatformLocus 2020,2,0,2,0
Nitesh subediMusic Eve 2020,13,0,13,0
Anup PandeyModel Superstar,2,0,2,0
Turbo BandMusic Eve 2020,7,0,7,0
Asmit TimalsinaMusic Eve 2020,3,0,3,0
Project Locus Documentation 2020Locus 2020,6,0,6,0
Project Relay Ride SystemLocus 2020,1,0,1,0
Purnima And GuysMusic Eve 2020,18,0,18,0
Project Safa-eLocus 2020,1,0,1,0
The Acoustic AeroMusic Eve 2020,40,5,45,25
swayam dhakalMusic Eve 2020,6,10,16,50
Project IOT Based Alcohol Detection system for driversLocus 2020,1,0,1,0
Anil KarkiModel Superstar,84,1020,1104,5100
SuvharambaMusic Eve 2020,3,0,3,0
Project Mero Smart FarmLocus 2020,3,5,8,25
Kshitiz BasnetMusic Eve 2020,13,15,28,75
saahil duoMusic Eve 2020,57,45,102,225
Prabhat Kiran ChaulagainMusic Eve 2020,1,0,1,0
4th GHMusic Eve 2020,2,0,2,0
one bandMusic Eve 2020,17,70,87,350
Utsav PradhanMusic Eve 2020,12,0,12,0
Manoj BhattaraiMusic Eve 2020,4,0,4,0
sanskriti rimalMusic Eve 2020,3,0,3,0
Sujan BasnetModel Superstar,14,500,514,2500
shital shivakotiMusic Eve 2020,2,0,2,0
The Pan BandMusic Eve 2020,2,0,2,0
Pawan YokpangdenMusic Eve 2020,18,0,18,0
Namiska ShresthaLittle Champ International 2020,10,0,10,0
Smrik ShresthaLittle Champ International 2020,25,20,45,100
Dirghayu PrasaiLittle Champ International 2020,3,0,3,0
Siwani KhatriLittle Champ International 2020,7,0,7,0
Saugat GahatrajLittle Champ International 2020,1,0,1,0
Aayushree DevkotaLittle Champ International 2020,8,0,8,0
Nitya NepalLittle Champ International 2020,2,5,7,25
Saumya NeupaneLittle Champ International 2020,28,0,28,0
Jasmine DangolLittle Champ International 2020,6,0,6,0
Prince DangolLittle Champ International 2020,13,0,13,0
Jesika RegmiLittle Champ International 2020,3,0,3,0
Anjali RautLittle Champ International 2020,3,0,3,0
Aagman KaspalLittle Champ International 2020,4,0,4,0
Prinsha BatiLittle Champ International 2020,6,0,6,0
Resika KhatriLittle Champ International 2020,4,0,4,0
Sonu TukanbanjarLittle Champ International 2020,3,0,3,0
Aarjan KaspalLittle Champ International 2020,1,0,1,0
Aagraj KharalLittle Champ International 2020,1,0,1,0
Rikesh KhatriLittle Champ International 2020,1,0,1,0
Sameep SharmaModel Superstar,7,0,7,0
Asmita Thapa MagarModel Superstar,40,5,45,25
Pujan TamangModel Superstar,18,10,28,50
Purna Man Maharjan NEPALBHASA STAR MUSIC VIDEO AWARDS-2019,8,905,913,4525
Purna Man MaharjanNEPALBHASA STAR MUSIC VIDEO AWARDS-2019,57,940,997,4700
Supriya NagarkotiLittle Champ International 2020,1,0,1,0
Ram Krishna KhadgiNEPALBHASA STAR MUSIC VIDEO AWARDS-2019,9,5,14,25
Macha Raja MaharjanNEPALBHASA STAR MUSIC VIDEO AWARDS-2019,38,0,38,0
Strings Recording StudioNEPALBHASA STAR MUSIC VIDEO AWARDS-2019,2,100,102,500
Hari Sharan SayamiNEPALBHASA STAR MUSIC VIDEO AWARDS-2019,3,100,103,500
HasanaShakyaNEPALBHASA STAR MUSIC VIDEO AWARDS-2019,4,1000,1004,5000
Sana ShakyaNEPALBHASA STAR MUSIC VIDEO AWARDS-2019,4,0,4,0
Nima Lhamu sherpaMr. & Miss Teen Sherpa 2020 - S2,49,5,54,25
Suweta ShresthaModel Superstar,18,120,138,600
Raj kumar ManandharNEPALBHASA STAR MUSIC VIDEO AWARDS-2019,7,0,7,0
Pema Yanji sherpaMr. & Miss Teen Sherpa 2020 - S2,4478,0,4478,0
Mingma Tshering SherpaMr. & Miss Teen Sherpa 2020 - S2,263,0,263,0
Lhamu SherpaMr. & Miss Teen Sherpa 2020 - S2,65,570,635,2850
Tshering Dolkar SherpaMr. & Miss Teen Sherpa 2020 - S2,14,4010,4024,20050
Chhewang SherpaMr. & Miss Teen Sherpa 2020 - S2,17,0,17,0
Karoona ShresthaNEPALBHASA STAR MUSIC VIDEO AWARDS-2019,12,0,12,0
Tenzin Pema SherpaMr. & Miss Teen Sherpa 2020 - S2,214,5,219,25
Sunita RajbhandariNEPALBHASA STAR MUSIC VIDEO AWARDS-2019,30,1715,1745,8575
Binu ShakyaNEPALBHASA STAR MUSIC VIDEO AWARDS-2019,4,0,4,0
Ram Bhakta MaharjanNEPALBHASA STAR MUSIC VIDEO AWARDS-2019,9,0,9,0
Krishna MaharjanNEPALBHASA STAR MUSIC VIDEO AWARDS-2019,17,0,17,0
Ratna Shova MaharjanNEPALBHASA STAR MUSIC VIDEO AWARDS-2019,10,0,10,0
Raj Kumar ManandharNEPALBHASA STAR MUSIC VIDEO AWARDS-2019,4,4405,4409,22025
Lhakpa Sange SherpaMr. & Miss Teen Sherpa 2020 - S2,10,0,10,0
Angdali SherpaMr. & Miss Teen Sherpa 2020 - S2,243,10,253,50
Aasha NakarmiNEPALBHASA STAR MUSIC VIDEO AWARDS-2019,2,0,2,0
Tengin SherpaMr. & Miss Teen Sherpa 2020 - S2,8,0,8,0
Ves MaharjanNEPALBHASA STAR MUSIC VIDEO AWARDS-2019,20,0,20,0
Bhuwan ShresthaNEPALBHASA STAR MUSIC VIDEO AWARDS-2019,20,0,20,0
Ganga Devi MaharjanNEPALBHASA STAR MUSIC VIDEO AWARDS-2019,6,0,6,0
Saraswati ManandharNEPALBHASA STAR MUSIC VIDEO AWARDS-2019,6,0,6,0
Mohan ShakyaNEPALBHASA STAR MUSIC VIDEO AWARDS-2019,5,1100,1105,5500
Mingma SherpaMr. & Miss Teen Sherpa 2020 - S2,64,0,64,0
Rajesh NakarmiNEPALBHASA STAR MUSIC VIDEO AWARDS-2019,4,0,4,0
Dr. Gopal MaharjanNEPALBHASA STAR MUSIC VIDEO AWARDS-2019,12,0,12,0
DrishnuManandharNEPALBHASA STAR MUSIC VIDEO AWARDS-2019,5,0,5,0
Gautam TandukarNEPALBHASA STAR MUSIC VIDEO AWARDS-2019,8,0,8,0
Lujaw SinghNEPALBHASA STAR MUSIC VIDEO AWARDS-2019,6,0,6,0
Raju Maharjan 'Juju'NEPALBHASA STAR MUSIC VIDEO AWARDS-2019,6,0,6,0
Sarita BajracharyaNEPALBHASA STAR MUSIC VIDEO AWARDS-2019,9,0,9,0
Pemba Dorji SherpaMr. & Miss Teen Sherpa 2020 - S2,3,0,3,0
Garima MaharjanNEPALBHASA STAR MUSIC VIDEO AWARDS-2019,5,0,5,0
Hriday Prasad MishraNEPALBHASA STAR MUSIC VIDEO AWARDS-2019,4,0,4,0
Ang Maya SherpaMr. & Miss Teen Sherpa 2020 - S2,20,0,20,0
Chhiri SherpaMr. & Miss Teen Sherpa 2020 - S2,18,25,43,125
Sonam PakhrinNEPALBHASA STAR MUSIC VIDEO AWARDS-2019,9,0,9,0
Chandeswar MaharjanNEPALBHASA STAR MUSIC VIDEO AWARDS-2019,1,0,1,0
Ashishma NakarmiNEPALBHASA STAR MUSIC VIDEO AWARDS-2019,21,0,21,0
Sonam MaharjanNEPALBHASA STAR MUSIC VIDEO AWARDS-2019,4,0,4,0
Kaljang Lhamu SherpaMr. & Miss Teen Sherpa 2020 - S2,4,0,4,0
Asmita KhadkaModel Superstar,4,0,4,0
KalpanaKapaliNEPALBHASA STAR MUSIC VIDEO AWARDS-2019,3,0,3,0
Bhim Bahadur NakarmiNEPALBHASA STAR MUSIC VIDEO AWARDS-2019,8,0,8,0
Manisha PalModel Superstar,2,0,2,0
Elin RautModel Superstar,5,0,5,0
Pemba Chiring SherpaMr. & Miss Teen Sherpa 2020 - S2,4,0,4,0
Rajani KhadgiNEPALBHASA STAR MUSIC VIDEO AWARDS-2019,12,5,17,25
Yoban ShakyaNEPALBHASA STAR MUSIC VIDEO AWARDS-2019,14,5,19,25
Rita MaharjanNEPALBHASA STAR MUSIC VIDEO AWARDS-2019,1,0,1,0
Aradhya Laxmi KhadgiNEPALBHASA STAR MUSIC VIDEO AWARDS-2019,2,0,2,0
Srijana MaharjanNEPALBHASA STAR MUSIC VIDEO AWARDS-2019,11,0,11,0
Anita MaharjanNEPALBHASA STAR MUSIC VIDEO AWARDS-2019,6,0,6,0
Sunil LaudreyModel Superstar,49,180,229,900
Pooja SunuwarNEPALBHASA STAR MUSIC VIDEO AWARDS-2019,17,0,17,0
Sagar GhimireModel Superstar,71,0,71,0
Shova MaharjanNEPALBHASA STAR MUSIC VIDEO AWARDS-2019,10,0,10,0
B.K. JalmiNEPALBHASA STAR MUSIC VIDEO AWARDS-2019,1,0,1,0
Dawa Tsering SherpaMr. & Miss Teen Sherpa 2020 - S2,6,0,6,0
Ramesh KapaliModel Superstar,3,0,3,0
Raju KarmacharyaNEPALBHASA STAR MUSIC VIDEO AWARDS-2019,3,0,3,0
Sarita Bajracharya NEPALBHASA STAR MUSIC VIDEO AWARDS-2019,8,0,8,0
Shailesh Shakya NEPALBHASA STAR MUSIC VIDEO AWARDS-2019,3,0,3,0
 Bhupendra BajracharyaNEPALBHASA STAR MUSIC VIDEO AWARDS-2019,5,0,5,0
Padam Jyoti Bajracharya NEPALBHASA STAR MUSIC VIDEO AWARDS-2019,2,0,2,0
Rajesh ShakyaNEPALBHASA STAR MUSIC VIDEO AWARDS-2019,6,0,6,0
Suraj ByanjankarNEPALBHASA STAR MUSIC VIDEO AWARDS-2019,2,0,2,0
Anup ShakyaNEPALBHASA STAR MUSIC VIDEO AWARDS-2019,4,0,4,0
Salona BajracharyaNEPALBHASA STAR MUSIC VIDEO AWARDS-2019,3,0,3,0
Sunita Rajbhandari/Sujan BajracharyaNEPALBHASA STAR MUSIC VIDEO AWARDS-2019,14,5,19,25
Suraj Bir BajracharyaNEPALBHASA STAR MUSIC VIDEO AWARDS-2019,7,0,7,0
Hisi Recording StudioNEPALBHASA STAR MUSIC VIDEO AWARDS-2019,3,0,3,0
Krishna DangolNEPALBHASA STAR MUSIC VIDEO AWARDS-2019,3,0,3,0
Mohan Devi MaharjanNEPALBHASA STAR MUSIC VIDEO AWARDS-2019,3,0,3,0
Rakshya ShresthaNEPALBHASA STAR MUSIC VIDEO AWARDS-2019,11,0,11,0
Anjala NakarmiNEPALBHASA STAR MUSIC VIDEO AWARDS-2019,9,0,9,0
Suman KapaliNEPALBHASA STAR MUSIC VIDEO AWARDS-2019,5,0,5,0
Dhiren ShakyaNEPALBHASA STAR MUSIC VIDEO AWARDS-2019,12,0,12,0
Rajesh Man SinghNEPALBHASA STAR MUSIC VIDEO AWARDS-2019,14,0,14,0
Bhintuna JoshiNEPALBHASA STAR MUSIC VIDEO AWARDS-2019,12,0,12,0
Rajan ShahiNEPALBHASA STAR MUSIC VIDEO AWARDS-2019,6,0,6,0
Jack MaharjanNEPALBHASA STAR MUSIC VIDEO AWARDS-2019,8,0,8,0
 Prabesh Man ShakyaNEPALBHASA STAR MUSIC VIDEO AWARDS-2019,10,0,10,0
Ashok MaharjanNEPALBHASA STAR MUSIC VIDEO AWARDS-2019,9,0,9,0
Laxmi Kumar MaharjanNEPALBHASA STAR MUSIC VIDEO AWARDS-2019,1,0,1,0
Anjali ShahiNEPALBHASA STAR MUSIC VIDEO AWARDS-2019,3,0,3,0
Sanjay MaharjanNEPALBHASA STAR MUSIC VIDEO AWARDS-2019,1,0,1,0
Suman Kapali NEPALBHASA STAR MUSIC VIDEO AWARDS-2019,4,0,4,0
Shailesh DangolNEPALBHASA STAR MUSIC VIDEO AWARDS-2019,1,0,1,0
Mohan Krishna Shrestha NEPALBHASA STAR MUSIC VIDEO AWARDS-2019,1,0,1,0
Surendra MaharjanNEPALBHASA STAR MUSIC VIDEO AWARDS-2019,7,0,7,0
Jibandra ShahiNEPALBHASA STAR MUSIC VIDEO AWARDS-2019,1,0,1,0
Purna Kaji JyapuNEPALBHASA STAR MUSIC VIDEO AWARDS-2019,4,0,4,0
Rupen Shrestha 'Thakwami'NEPALBHASA STAR MUSIC VIDEO AWARDS-2019,1,0,1,0
Paljum SherpaMr. & Miss Teen Sherpa 2020 - S2,1,0,1,0
Doma Diki SherpaMr. & Miss Teen Sherpa 2020 - S2,1,0,1,0
GIFT NepalNEPALBHASA STAR MUSIC VIDEO AWARDS-2019,2,0,2,0
Amrit Man MaharjanNEPALBHASA STAR MUSIC VIDEO AWARDS-2019,7,0,7,0
Natyaswor Dress CentreNEPALBHASA STAR MUSIC VIDEO AWARDS-2019,2,0,2,0
Aaradhya Laxmi KhadgiNEPALBHASA STAR MUSIC VIDEO AWARDS-2019,3,0,3,0
Deepa MaharjanNEPALBHASA STAR MUSIC VIDEO AWARDS-2019,7,0,7,0
Anu TiwariModel Superstar,2,0,2,0
Sanjhya Kala KunjaNEPALBHASA STAR MUSIC VIDEO AWARDS-2019,1,0,1,0
Manisha RajbahakNEPALBHASA STAR MUSIC VIDEO AWARDS-2019,1,0,1,0
Bishnu Maya ByanjankarNEPALBHASA STAR MUSIC VIDEO AWARDS-2019,4,0,4,0
Matina MaharjanNEPALBHASA STAR MUSIC VIDEO AWARDS-2019,7,0,7,0
Artomuse Recording StudioNEPALBHASA STAR MUSIC VIDEO AWARDS-2019,4,0,4,0
 Jivit JalmiNEPALBHASA STAR MUSIC VIDEO AWARDS-2019,1,0,1,0
Platinum Recording StudioNEPALBHASA STAR MUSIC VIDEO AWARDS-2019,2,0,2,0
Sarita ShahiNEPALBHASA STAR MUSIC VIDEO AWARDS-2019,2,0,2,0
Rajendra Kumar MaharjanNEPALBHASA STAR MUSIC VIDEO AWARDS-2019,8,0,8,0
Prishu GurungModel Superstar,3,0,3,0
Rojina SuwalNEPALBHASA STAR MUSIC VIDEO AWARDS-2019,1,0,1,0
Rahul PrajapatiNEPALBHASA STAR MUSIC VIDEO AWARDS-2019,4,0,4,0
Yugen ShakyaNEPALBHASA STAR MUSIC VIDEO AWARDS-2019,1,0,1,0
Naresh ShahiNEPALBHASA STAR MUSIC VIDEO AWARDS-2019,2,0,2,0
Nirajan PradhanNEPALBHASA STAR MUSIC VIDEO AWARDS-2019,9,0,9,0
Bal Krishna Bansi NEPALBHASA STAR MUSIC VIDEO AWARDS-2019,3,0,3,0
Tirthaman MaharjanNEPALBHASA STAR MUSIC VIDEO AWARDS-2019,1,0,1,0
Sachin SinghNEPALBHASA STAR MUSIC VIDEO AWARDS-2019,1,0,1,0
Dr. Chandra Man BajracharyaNEPALBHASA STAR MUSIC VIDEO AWARDS-2019,4,0,4,0
Jyotsana MaharjanNEPALBHASA STAR MUSIC VIDEO AWARDS-2019,8,0,8,0
Devi KhadgiNEPALBHASA STAR MUSIC VIDEO AWARDS-2019,1,0,1,0
Shailendra TuladharNEPALBHASA STAR MUSIC VIDEO AWARDS-2019,6,0,6,0
Jugal DangolNEPALBHASA STAR MUSIC VIDEO AWARDS-2019,3,0,3,0
Pratik ShresthaNEPALBHASA STAR MUSIC VIDEO AWARDS-2019,3,0,3,0
Binod ShresthaNEPALBHASA STAR MUSIC VIDEO AWARDS-2019,2,0,2,0
BabitaSitaulaNEPALBHASA STAR MUSIC VIDEO AWARDS-2019,1,0,1,0
Krishna Bhakta MaharjanNEPALBHASA STAR MUSIC VIDEO AWARDS-2019,7,0,7,0
Shankar MaharjanNEPALBHASA STAR MUSIC VIDEO AWARDS-2019,3,0,3,0
Rajan ShakyaNEPALBHASA STAR MUSIC VIDEO AWARDS-2019,2,0,2,0
Amar ChitrakarNEPALBHASA STAR MUSIC VIDEO AWARDS-2019,1,0,1,0
Rajendra ShakyaNEPALBHASA STAR MUSIC VIDEO AWARDS-2019,4,0,4,0
Shailendra DangolNEPALBHASA STAR MUSIC VIDEO AWARDS-2019,3,0,3,0
LaxmiMaharjanNEPALBHASA STAR MUSIC VIDEO AWARDS-2019,2,0,2,0
Nabin MaharjanNEPALBHASA STAR MUSIC VIDEO AWARDS-2019,1,0,1,0
Ramita MaharjanNEPALBHASA STAR MUSIC VIDEO AWARDS-2019,1,0,1,0
MeenaMaharjanNEPALBHASA STAR MUSIC VIDEO AWARDS-2019,1,0,1,0
Bijay Maskey NEPALBHASA STAR MUSIC VIDEO AWARDS-2019,3,0,3,0
Audio Nepal Recording StudioNEPALBHASA STAR MUSIC VIDEO AWARDS-2019,1,0,1,0
Sharmila MaharjanNEPALBHASA STAR MUSIC VIDEO AWARDS-2019,2,0,2,0
JamunaMaharjanNEPALBHASA STAR MUSIC VIDEO AWARDS-2019,2,0,2,0
Buddha SayamiNEPALBHASA STAR MUSIC VIDEO AWARDS-2019,1,0,1,0
Gujey MalakarNEPALBHASA STAR MUSIC VIDEO AWARDS-2019,1,0,1,0
Suresh KhadgiNEPALBHASA STAR MUSIC VIDEO AWARDS-2019,2,0,2,0
Deepmala MaharjanNEPALBHASA STAR MUSIC VIDEO AWARDS-2019,2,0,2,0
Rukash SubediMan of the World,11,0,11,0
Sameer MaharjanMan of the World,5,0,5,0
Rajendra RawolMan of the World,5,30,35,150
Chiran Jivi ThapaMan of the World,5,0,5,0
Prince Millinium SubbaMan of the World,4,0,4,0
Manoj MaharjanNEPALBHASA STAR MUSIC VIDEO AWARDS-2019,3,0,3,0
Kebindra LimbuMan of the World,2,0,2,0
Saroj RaiMan of the World,4,0,4,0
Manish DhakalMan of the World,4,0,4,0
Abhilash LamaMan of the World,1,0,1,0
Bhim Tuladhar NEPALBHASA STAR MUSIC VIDEO AWARDS-2019,1,0,1,0
Janak Thada MagarMan of the World,4,0,4,0
Rajbhai JakamiNEPALBHASA STAR MUSIC VIDEO AWARDS-2019,2,0,2,0
Buddhi LamaNEPALBHASA STAR MUSIC VIDEO AWARDS-2019,2,0,2,0
Sohan ManandharNEPALBHASA STAR MUSIC VIDEO AWARDS-2019,4,0,4,0
Rajya Laxmi SthapitNEPALBHASA STAR MUSIC VIDEO AWARDS-2019,1,0,1,0
Kabya Shrestha NEPALBHASA STAR MUSIC VIDEO AWARDS-2019,1,0,1,0
Hira Dress CentreNEPALBHASA STAR MUSIC VIDEO AWARDS-2019,1,0,1,0
Bimala MaharjanNEPALBHASA STAR MUSIC VIDEO AWARDS-2019,2,30,32,150
Ruksana MaharjanNEPALBHASA STAR MUSIC VIDEO AWARDS-2019,4,0,4,0
Bhuwan MaharjanNEPALBHASA STAR MUSIC VIDEO AWARDS-2019,3,5,8,25
Suraj NapitNEPALBHASA STAR MUSIC VIDEO AWARDS-2019,1,0,1,0
Basanta MaharjanNEPALBHASA STAR MUSIC VIDEO AWARDS-2019,1,0,1,0
Fursadma (SDG -17)Actions for SDGs 2019,27,0,27,0
Agri Nepal (SDG-5)Actions for SDGs 2019,13,0,13,0
Teaching Rights through Trainings (SDG- 16)Actions for SDGs 2019,9,0,9,0
Book Sharing App (SDG-4)Actions for SDGs 2019,64,0,64,0
Youth Hub Organic Farm (SDG 4)Actions for SDGs 2019,5,0,5,0
Prachi SubediMechi Singing Star,12,0,12,0
Anushka MallaMechi Singing Star,44,0,44,0
Rosha PhuyalMechi Singing Star,10,5,15,25
Biraj PrasaiMechi Singing Star,5,0,5,0
Samikshya BistaMechi Singing Star,10,0,10,0
Roshni GahatrajMechi Singing Star,2,0,2,0
Sristi SharmaMechi Singing Star,6,0,6,0
Rachana RimalMechi Singing Star,12,0,12,0
Rojal ShresthaMechi Singing Star,4,0,4,0
Samir RasailyMechi Singing Star,2,0,2,0
Prenija DhakalMechi Singing Star,5,0,5,0
Samjhana PradhanMechi Singing Star,3,0,3,0
Yogesh SiwakotiMechi Singing Star,2,0,2,0
Ritu RaiMechi Singing Star,4,0,4,0
Axix RuchalMechi Singing Star,1,0,1,0
Ashika KuwarMechi Singing Star,1,0,1,0
Anuja GiriMechi Singing Star,1,0,1,0
Pawan DhakalMechi Singing Star,1,0,1,0
KIRAN MICHEALOS Nepal Music Award 2076,5,600,605,3000
PRAKASH KATUWALOS Nepal Music Award 2076,1,25,26,125
RADHIKA HAMALOS Nepal Music Award 2076,0,25,25,125
GANENDRA SHARMA HUMGAIOS Nepal Music Award 2076,1,25,26,125
RAJESH GHIMIREOS Nepal Music Award 2076,2,25,27,125
SURAJ THAPAOS Nepal Music Award 2076,3,50,53,250
SAHADEV KOIRALAOS Nepal Music Award 2076,6,60,66,300
SANJU NEUPANEOS Nepal Music Award 2076,1,950,951,4750
NIRU GURUNGOS Nepal Music Award 2076,3,750,753,3750
SAMBHU KUNWAROS Nepal Music Award 2076,6,1305,1311,6525
KUSHAL BISHWOKARMAOS Nepal Music Award 2076,3,100,103,500
SURAJ SHRESTHAOS Nepal Music Award 2076,2,2975,2977,14875
DINESH SHRESTHAOS Nepal Music Award 2076,3,2200,2203,11000
NARAYAN BABU KOIRALAOS Nepal Music Award 2076,3,3600,3603,18000
KAJISH SHRESTHAOS Nepal Music Award 2076,8,2460,2468,12300
ANIL LAMAOS Nepal Music Award 2076,5,2755,2760,13775
PRADIP K. GLANOS Nepal Music Award 2076,7,1400,1407,7000
RAMESH DAHALOS Nepal Music Award 2076,7,325,332,1625
ANGELA SHRESTHAOS Nepal Music Award 2076,7,200,207,1000
CHANDAN DUTTAOS Nepal Music Award 2076,6,3100,3106,15500
BIRENDRA SHRESHTAOS Nepal Music Award 2076,9,3180,3189,15900
AJAY REGMIOS Nepal Music Award 2076,7,0,7,0
DEEPAK VISTAOS Nepal Music Award 2076,5,125,130,625
MAHENDRA GAUTAMOS Nepal Music Award 2076,3,0,3,0
SRIJANA KHATRIOS Nepal Music Award 2076,2,500,502,2500
SOBHA THAPAOS Nepal Music Award 2076,6,0,6,0
GUNRAJ SHRESTHA & TIKA PRASAINOS Nepal Music Award 2076,3,975,978,4875
SHIVA KARKIOS Nepal Music Award 2076,20,10,30,50
SUNIL KATWALOS Nepal Music Award 2076,1,13000,13001,65000
BIKASH GYAWALIOS Nepal Music Award 2076,2,500,502,2500
DP KHANALOS Nepal Music Award 2076,3,1000,1003,5000
SHANKAR THAPAOS Nepal Music Award 2076,1,1000,1001,5000
UDESH SHRESHTAOS Nepal Music Award 2076,10,0,10,0
RAMILA NEUPANEOS Nepal Music Award 2076,18,0,18,0
SACHIN RAUNIYAROS Nepal Music Award 2076,8,0,8,0
GOVINDA LUITELOS Nepal Music Award 2076,1,0,1,0
SURESH WAGLEOS Nepal Music Award 2076,9,5,14,25
BALKRISHNA NEUPANEYOS Nepal Music Award 2076,1,0,1,0
BABITA RAIOS Nepal Music Award 2076,2,0,2,0
D.R SUJANOS Nepal Music Award 2076,14,6000,6014,30000
DEVENDRA CHHETRIOS Nepal Music Award 2076,2,0,2,0
TIKA PRASAINOS Nepal Music Award 2076,3,0,3,0
BABU BOGATIOS Nepal Music Award 2076,10,500,510,2500
GANESH CHAULAGAIOS Nepal Music Award 2076,3,0,3,0
HARI SHARAN SAYAMUOS Nepal Music Award 2076,2,2100,2102,10500
KRISHNA BHAKTA MAHARJANOS Nepal Music Award 2076,3,2000,2003,10000
PUJA SUNUWAROS Nepal Music Award 2076,9,200,209,1000
PREM SENOS Nepal Music Award 2076,1,0,1,0
RB KHADKAOS Nepal Music Award 2076,3,0,3,0
SHREEDHARA ADHIKARIOS Nepal Music Award 2076,2,0,2,0
ARUSHI MAGAROS Nepal Music Award 2076,3,0,3,0
SHANKAR B.COS Nepal Music Award 2076,1,0,1,0
KAMAL SARGAMOS Nepal Music Award 2076,7,0,7,0
PURUSHOTTAM SUBEDIOS Nepal Music Award 2076,19,145,164,725
REENA THAPA MAGAROS Nepal Music Award 2076,2,0,2,0
TULSI SIWAKOTIOS Nepal Music Award 2076,2,0,2,0
RUPA GHARTI MAGAROS Nepal Music Award 2076,4,530,534,2650
SHRISTI KHADKAOS Nepal Music Award 2076,8,0,8,0
RESHMA BOMJANOS Nepal Music Award 2076,5,0,5,0
PURNIMA LAMAOS Nepal Music Award 2076,2,0,2,0
NIJA PAUDELOS Nepal Music Award 2076,4,3015,3019,15075
SHISHRI BHANDARIOS Nepal Music Award 2076,1,0,1,0
SHISHIR BHANDARIOS Nepal Music Award 2076,11,5,16,25
NABIN KHADKAOS Nepal Music Award 2076,4,250,254,1250
BIMAL ADHIKARIOS Nepal Music Award 2076,1,0,1,0
ANJU NIRAULAOS Nepal Music Award 2076,4,0,4,0
SINCHURY SURESH GHAMALOS Nepal Music Award 2076,1,0,1,0
RAMU KHADKAOS Nepal Music Award 2076,2,0,2,0
SARITA KARKIOS Nepal Music Award 2076,2,0,2,0
PRAKASH DHAMALAOS Nepal Music Award 2076,11,500,511,2500
PRADIP K.GLANOS Nepal Music Award 2076,4,860,864,4300
SMRITI TIMILSINAOS Nepal Music Award 2076,6,1000,1006,5000
YOGESH LAMAOS Nepal Music Award 2076,3,0,3,0
NIRMALA GHISINGOS Nepal Music Award 2076,2,0,2,0
RAVI SINGOS Nepal Music Award 2076,1,500,501,2500
MINGS LAMAOS Nepal Music Award 2076,2,2800,2802,14000
SUNIL THAPA MAGAROS Nepal Music Award 2076,2,0,2,0
BIMALA THINGOS Nepal Music Award 2076,1,0,1,0
NISHU SUNUWAROS Nepal Music Award 2076,1,0,1,0
NABIN GHARTI MAGAROS Nepal Music Award 2076,3,0,3,0
SURYA KHADKAOS Nepal Music Award 2076,5,0,5,0
KIRAN GAJMEROS Nepal Music Award 2076,5,0,5,0
SRIJANA TAMANGOS Nepal Music Award 2076,3,0,3,0
MANOJ BISTAOS Nepal Music Award 2076,1,600,601,3000
JIWAN SHAHIOS Nepal Music Award 2076,6,200,206,1000
SAGAR GAUTAMOS Nepal Music Award 2076,1,0,1,0
BIJAYA THOKAROS Nepal Music Award 2076,1,0,1,0
DIPAK ACHARYAOS Nepal Music Award 2076,0,3000,3000,15000
MANOJ KARKIOS Nepal Music Award 2076,4,0,4,0
HERUKA LAMAOS Nepal Music Award 2076,4,155,159,775
DILIP SAMANOS Nepal Music Award 2076,1,500,501,2500
PUSHKAR SUNUWAROS Nepal Music Award 2076,2,700,702,3500
SITA POUDELOS Nepal Music Award 2076,5,0,5,0
RAVI OAD & PRABHISHA ADHIKARIOS Nepal Music Award 2076,1,0,1,0
PRAKASH DHITALOS Nepal Music Award 2076,3,0,3,0
SANJOK YONJANOS Nepal Music Award 2076,1,5,6,25
RAMBHAKTA JOJIJUOS Nepal Music Award 2076,1,0,1,0
GAMVIR BISTAOS Nepal Music Award 2076,2,0,2,0
GOPAL RASAILYOS Nepal Music Award 2076,2,0,2,0
ROSHAN SHRESTHAOS Nepal Music Award 2076,4,0,4,0
KALYAN SINGHOS Nepal Music Award 2076,2,0,2,0
BISHNU SHARMAOS Nepal Music Award 2076,1,0,1,0
TARANATH ACHARYAOS Nepal Music Award 2076,3,0,3,0
DINESH CHHETRI                                                              OS Nepal Music Award 2076,6,0,6,0
ROSHAN SUBEDIOS Nepal Music Award 2076,3,80,83,400
AASHIR PRATAP JUNGOS Nepal Music Award 2076,2,0,2,0
ABHISHEK TAMANGOS Nepal Music Award 2076,2,0,2,0
SHASHI KALA MOKTANOS Nepal Music Award 2076,3,0,3,0
CHRISTINA SHRESHTAOS Nepal Music Award 2076,5,0,5,0
JITU LOPCHANOS Nepal Music Award 2076,2,0,2,0
RAJKUMAR TAMANGOS Nepal Music Award 2076,1,0,1,0
BINOD DHAKALOS Nepal Music Award 2076,4,0,4,0
REKHA JOSHIOS Nepal Music Award 2076,2,0,2,0
SURYA BIRAHI SAUDOS Nepal Music Award 2076,4,0,4,0
DHARMARAJ POKHARELOS Nepal Music Award 2076,5,0,5,0
DHURBA HIMALIOS Nepal Music Award 2076,6,0,6,0
PUSKAL SHARMAOS Nepal Music Award 2076,4,0,4,0
NIRMAL CHHETRIOS Nepal Music Award 2076,4,0,4,0
SAYA BHANDARIOS Nepal Music Award 2076,1,0,1,0
RISHI KHADKAOS Nepal Music Award 2076,1,0,1,0
SHIVA HAMAL              OS Nepal Music Award 2076,6,0,6,0
DAWA LAMAOS Nepal Music Award 2076,2,0,2,0
GANESH ADHIKARI   OS Nepal Music Award 2076,1,0,1,0
SMRITY SHRESTHAOS Nepal Music Award 2076,3,0,3,0
ANJALI ADHIKARIOS Nepal Music Award 2076,1,0,1,0
ANITA CHALAUNEOS Nepal Music Award 2076,4,0,4,0
KUMAR KARKIOS Nepal Music Award 2076,2,0,2,0
BIRENDRA BHATTAOS Nepal Music Award 2076,3,0,3,0
DIPENDRA TIMALSINAOS Nepal Music Award 2076,2,0,2,0
AGNI BOMJANOS Nepal Music Award 2076,1,0,1,0
sOS Nepal Music Award 2076,3,0,3,0
DURGESH THAPAOS Nepal Music Award 2076,3,0,3,0
SANCHITA SHAHIOS Nepal Music Award 2076,4,0,4,0
PURSHOTTAM SUBEDIOS Nepal Music Award 2076,8,0,8,0
PRASAD KHAPTARI MAGAROS Nepal Music Award 2076,2,0,2,0
RAKESH RAIOS Nepal Music Award 2076,5,0,5,0
PUNYAM PRADHANOS Nepal Music Award 2076,1,0,1,0
RITA KCOS Nepal Music Award 2076,1,0,1,0
DIPAK CHAULAGAINOS Nepal Music Award 2076,9,0,9,0
TANKA SUNUWAROS Nepal Music Award 2076,4,0,4,0
KAMAL ADHIKARIOS Nepal Music Award 2076,1,0,1,0
ANISH SHRESTHAOS Nepal Music Award 2076,4,0,4,0
BISHNU KHADKAOS Nepal Music Award 2076,2,0,2,0
KARISHMA DHAKALOS Nepal Music Award 2076,1,0,1,0
RAM SILWALOS Nepal Music Award 2076,1,0,1,0
SUMAN THAPAOS Nepal Music Award 2076,3,0,3,0
TANKA TIMALSINAOS Nepal Music Award 2076,1,0,1,0
SUREN GAUTAMOS Nepal Music Award 2076,1,0,1,0
MANJITA K.COS Nepal Music Award 2076,0,50,50,250
AMRITA LUNGELI MAGAROS Nepal Music Award 2076,2,0,2,0
YUBARAJ MAGAROS Nepal Music Award 2076,2,0,2,0
SARIKA K.COS Nepal Music Award 2076,1,0,1,0
BASU BARALOS Nepal Music Award 2076,2,0,2,0
HEMANT SHISHIROS Nepal Music Award 2076,2,0,2,0
AMIT BABU ROKAYAOS Nepal Music Award 2076,3,0,3,0
MOHAN KHADKAOS Nepal Music Award 2076,1,0,1,0
TEK BCOS Nepal Music Award 2076,1,0,1,0
AANCHAL SHARMAOS Nepal Music Award 2076,2,0,2,0
DHRUBA SHARMA      OS Nepal Music Award 2076,5,255,260,1275
BIKRAM BARALOS Nepal Music Award 2076,1,0,1,0
SMITA GHIMIREOS Nepal Music Award 2076,4,0,4,0
SAMJHANA BHANDARIOS Nepal Music Award 2076,2,0,2,0
SUJATA KCOS Nepal Music Award 2076,2,0,2,0
ROSHNA LUNGBAOS Nepal Music Award 2076,1,0,1,0
BAL KUMAR SHRESHTHAOS Nepal Music Award 2076,2,0,2,0
RITU TAMANGOS Nepal Music Award 2076,1,0,1,0
MOHAN SUNUWAROS Nepal Music Award 2076,2,0,2,0
JUNU GAUTAMOS Nepal Music Award 2076,1,0,1,0
SUSHILA THAPAOS Nepal Music Award 2076,1,0,1,0
BABITA SHRESTHAOS Nepal Music Award 2076,1,0,1,0
RAJKUMAR BAGAROS Nepal Music Award 2076,1,0,1,0
SURAJ KALAKHETIOS Nepal Music Award 2076,6,0,6,0
KAMAL SINGHOS Nepal Music Award 2076,1,0,1,0
KESHAB BADUOS Nepal Music Award 2076,2,0,2,0
SURAJ SHRESHTAOS Nepal Music Award 2076,1,0,1,0
MAUSAM HIMALIOS Nepal Music Award 2076,2,0,2,0
ANJU GAUTAMOS Nepal Music Award 2076,1,0,1,0
ARJUN KUNWAROS Nepal Music Award 2076,4,0,4,0
NABINA GHISHINGOS Nepal Music Award 2076,1,0,1,0
LAXMI DONGOS Nepal Music Award 2076,1,0,1,0
PRALAD SHAHOS Nepal Music Award 2076,1,0,1,0
OM PRASIOS Nepal Music Award 2076,1,0,1,0
KABITA SIWAKOTI & TANKA BUDATHOKIOS Nepal Music Award 2076,1,0,1,0
MILAN BISTAOS Nepal Music Award 2076,8,0,8,0
RAMIT LAMAOS Nepal Music Award 2076,2,0,2,0
BENISHA POUDELOS Nepal Music Award 2076,1,50,51,250
BIKASH DHAMALAOS Nepal Music Award 2076,1,0,1,0
NIRU SHREES MAGAROS Nepal Music Award 2076,1,0,1,0
ARJUN THAPAOS Nepal Music Award 2076,1,0,1,0
MAYA PUN MAGAROS Nepal Music Award 2076,1,0,1,0
PARU RANJITOS Nepal Music Award 2076,1,0,1,0
NABIN RAWALOS Nepal Music Award 2076,1,0,1,0
BUDDHA MOKTANOS Nepal Music Award 2076,24,0,24,0
NISHA DESHAROS Nepal Music Award 2076,1,0,1,0
DURGA PAUDELOS Nepal Music Award 2076,1,0,1,0
RAMJI KHANDOS Nepal Music Award 2076,1,0,1,0
DEEPAK SHARMAOS Nepal Music Award 2076,3,50,53,250
DOLRAJ BARGHARE MAGAROS Nepal Music Award 2076,2,0,2,0
SHARMILA RAIOS Nepal Music Award 2076,1,0,1,0
BIBASH BASNETOS Nepal Music Award 2076,1,0,1,0
ASHOK KUMAR TAMANGOS Nepal Music Award 2076,1,0,1,0
SHANKHAR BCOS Nepal Music Award 2076,1,0,1,0
Manish ModiSparrow SMS Voting,0,10,10,50
Total,12596,99935,112531,499675
